app_id,app_name,rank,country_code,date
com.lionstudios.mrbullet,MrBullet-SpyPuzzles,1,AU,2019-07-29
com.kwalee.gunpuzzle,Shootout3D,2,AU,2019-07-29
io.faceapp,FaceApp,3,AU,2019-07-29
com.shape.change,JellyShift,4,AU,2019-07-29
com.facebook.orca,Messenger,5,AU,2019-07-29
com.netflix.mediaclient,Netflix,6,AU,2019-07-29
com.didiglobal.passenger,DiDi(ディディ)-タクシーがすぐ呼べる配車アプリ,7,AU,2019-07-29
com.contextlogic.wish,Wish-電化製品、ファッション、化粧品、靴などが90%OFF,8,AU,2019-07-29
com.olacabs.customer,Ola.Getrideson-demand,9,AU,2019-07-29
com.tapped.flipdunk,FlipDunk,10,AU,2019-07-29
au.com.dominos.olo.android.app,Domino’s,11,AU,2019-07-29
com.ubercab.eats,UberEats:地元で人気の料理をお届け,12,AU,2019-07-29
com.instagram.android,Instagram,13,AU,2019-07-29
com.whatsapp,WhatsAppMessenger,14,AU,2019-07-29
com.facebook.katana,Facebook,15,AU,2019-07-29
com.playstrom.onpipe,OnPipe,16,AU,2019-07-29
com.spotify.music,Spotify-世界最大の音楽ストリーミングサービス,17,AU,2019-07-29
com.cassette.aquapark,aquapark.io,18,AU,2019-07-29
com.battle.disc,BattleDisc,19,AU,2019-07-29
com.snapchat.android,Snapchat,20,AU,2019-07-29
au.gov.dhs.centrelink.mygovauthenticator,myGovAccess-codecreator,21,AU,2019-07-29
se.raketspel.digaround,Digit!,22,AU,2019-07-29
com.ubercab,Uber,23,AU,2019-07-29
com.ketchapp.origame,Origame,24,AU,2019-07-29
au.com.stan.and,Stan,25,AU,2019-07-29
com.zhiliaoapp.musically,TikTok,26,AU,2019-07-29
com.google.android.apps.youtube.music,YouTubeMusic-公式楽曲から最新MVまで楽しめる音楽アプリ,27,AU,2019-07-29
com.microsoft.office.outlook,MicrosoftOutlook,28,AU,2019-07-29
com.commbank.netbank,CommBank,29,AU,2019-07-29
com.google.android.apps.chromecast.app,GoogleHome,30,AU,2019-07-29
au.com.optus.selfservice,MyOptus,31,AU,2019-07-29
com.ebay.mobile,eBayOnlineShopping-BuyandSellThisSummer,32,AU,2019-07-29
com.slippy.linerusher,FunRace3D,33,AU,2019-07-29
com.hambastudio.linecolor,LineColor3D,34,AU,2019-07-29
com.ebay.gumtree.au,"Gumtree:Search,Buy&Sell",35,AU,2019-07-29
com.google.android.apps.walletnfcrel,GooglePay-これからのお財布,36,AU,2019-07-29
com.audible.application,Amazonオーディオブック-Audible(オーディブル),37,AU,2019-07-29
com.stx.puzzlefuzzle,PuzzleFuzzle,38,AU,2019-07-29
com.train.taxi,TrainTaxi,39,AU,2019-07-29
com.menulog.m,MenulogOrderTakeawayOnline,40,AU,2019-07-29
paint.by.number.pixel.art.coloring.drawing.puzzle,数字で塗り絵-無料塗り絵ブック＆ペイントゲーム＆リラックスゲーム,41,AU,2019-07-29
com.amazon.mShop.android.shopping,Amazonショッピングアプリ,42,AU,2019-07-29
com.amanotes.pamadancingroad,DancingRoad:ColorBallRun!,43,AU,2019-07-29
com.shophumm,Humm,44,AU,2019-07-29
com.groupon,Groupon（グルーポン)毎日見たくなる、お得なクーポンアプリ,45,AU,2019-07-29
com.google.android.play.games,GooglePlayゲーム,46,AU,2019-07-29
au.com.coles.littleshop2,LittleShop2,47,AU,2019-07-29
au.com.seek,SEEKJobSearch,48,AU,2019-07-29
com.playgendary.polyspherecoolgame,Polysphere,49,AU,2019-07-29
com.mcdonalds.au.gma,mymacca'sOrdering&Offers,50,AU,2019-07-29
au.gov.dhs.centrelinkexpressplus,ExpressPlusCentrelink,51,AU,2019-07-29
au.gov.ato.ATOTax,AustralianTaxationOffice,52,AU,2019-07-29
com.colorup.game,ColorBump3D,53,AU,2019-07-29
com.pinterest,Pinterest（ピンタレスト）,54,AU,2019-07-29
com.afterpaymobile,Afterpay,55,AU,2019-07-29
com.mgc.runnergame,RunRace3D-3D競走,56,AU,2019-07-29
com.kfcaus.ordering,KFC-OrderOnTheGo,57,AU,2019-07-29
com.amanotes.beathopper,TilesHop:EDMRush!,58,AU,2019-07-29
com.webling.hungryjacks,HungryJack's®Shake&Win,59,AU,2019-07-29
au.com.tenplay,10play,60,AU,2019-07-29
com.swm.live,7plus,61,AU,2019-07-29
au.net.abc.iview,ABCiview,62,AU,2019-07-29
com.telstra.mobile.android.mytelstra,Telstra24x7,63,AU,2019-07-29
com.youmusic.magictiles,MagicTiles3:ピアノ曲&ゲーム,64,AU,2019-07-29
com.exordium.pottery,Pottery,65,AU,2019-07-29
com.paypal.android.p2pmobile,PayPal,66,AU,2019-07-29
com.google.android.projection.gearhead,AndroidAuto-マップ、メディア、メッセージ、音声操作,67,AU,2019-07-29
com.facebook.mlite,MessengerLite:無料通話とメッセージ,68,AU,2019-07-29
au.com.mi9.jumpin.app,9Now,69,AU,2019-07-29
com.tinder,Tinder,70,AU,2019-07-29
com.azurgames.stackball,スタックボール-積み上げられた台座を砕いていこう ,71,AU,2019-07-29
com.calm.android,"Calm-Meditate,Sleep,Relax",72,AU,2019-07-29
com.google.android.apps.translate,Google翻訳,73,AU,2019-07-29
com.mobirix.parkingking,駐車場の王,74,AU,2019-07-29
com.popshow.yolo,YOLO:AnonymousQ&A,75,AU,2019-07-29
com.amazon.avod.thirdpartyclient,Amazonプライム・ビデオ,76,AU,2019-07-29
pampam.ibf2,BottleFlip3D,77,AU,2019-07-29
com.productmadness.lightninglink,LightningLinkカジノスロット,78,AU,2019-07-29
com.miniclip.eightballpool,8BallPool,79,AU,2019-07-29
com.nianticlabs.pokemongo,PokémonGO,80,AU,2019-07-29
com.shazam.android,Shazam,81,AU,2019-07-29
com.mojang.minecrafttrialpe,MinecraftTrial,82,AU,2019-07-29
com.kwalee.jetpackjump,JetpackJump,83,AU,2019-07-29
com.peoplefun.wordcross,Wordscapes,84,AU,2019-07-29
com.handline.secrets.astrology.predictor,"HoroscopeMe-FaceScanner,PalmReader,Aging",85,AU,2019-07-29
com.discord,Discord-ゲーマー向けチャットシステム,86,AU,2019-07-29
com.booking,ホテル予約のブッキングドットコム,87,AU,2019-07-29
com.google.earth,GoogleEarth,88,AU,2019-07-29
com.dziobaki.mr_shot,BulletMaster,89,AU,2019-07-29
au.com.realestate.app,"realestate.com.au-Buy,Rent&SellProperty",90,AU,2019-07-29
com.fluffyfairygames.idleminertycoon,IdleMinerTycoon『ざくざくキング：採掘王国』,91,AU,2019-07-29
io.voodoo.crowdcity,CrowdCity,92,AU,2019-07-29
com.google.android.apps.authenticator2,Google認証システム,93,AU,2019-07-29
com.picsart.studio,PicsArtPhotoStudio:コラージュメーカー&画像加工,94,AU,2019-07-29
com.smule.singandroid,Smule-ナンバーワンの歌アプリ,95,AU,2019-07-29
co.zip,"Zip-ShopNow,PayLater",96,AU,2019-07-29
au.com.carsales,Carsales,97,AU,2019-07-29
com.google.android.apps.youtube.kids,YouTubeKids,98,AU,2019-07-29
com.hnk.touchthewall,TouchTheWall,99,AU,2019-07-29
com.airbnb.android,Airbnb(エアビーアンドビー)世界の空部屋シェアサイト,100,AU,2019-07-29
com.duolingo,Duolingo|英語を無料で学ぼう,101,AU,2019-07-29
com.roblox.client,ROBLOX,102,AU,2019-07-29
au.com.nab.mobile,NABMobileBanking,103,AU,2019-07-29
app.facereading.signs,フェース予測ー老ける予測,104,AU,2019-07-29
com.soundcloud.android,SoundCloud-音楽＆オーディオ,105,AU,2019-07-29
com.sbs.ondemand.android,SBSOnDemand,106,AU,2019-07-29
com.reddit.frontpage,Reddit,107,AU,2019-07-29
com.fairfax.domain,"Domain-Buy,rentorsellproperty&realestate",108,AU,2019-07-29
com.waze,Waze-GPS、地図、渋滞情報、カーナビ,109,AU,2019-07-29
com.tubitv,TubiTV-無料テレビ＆映画,110,AU,2019-07-29
com.kiloo.subwaysurf,SubwaySurfers,111,AU,2019-07-29
org.westpac.bank,WestpacMobileBanking,112,AU,2019-07-29
com.popcore.wreckingball,WreckingBall,113,AU,2019-07-29
com.sec.android.easyMover,GalaxySmartSwitchMobile,114,AU,2019-07-29
com.adobe.reader,AdobeAcrobatReader:PDFを閲覧・作成・編集,115,AU,2019-07-29
com.alibaba.intl.android.apps.poseidon,Alibaba.com:オンラインB2B取引マーケットの大手運営会社,116,AU,2019-07-29
com.playrix.homescapes,ホームスケイプ(Homescapes),117,AU,2019-07-29
com.anz.android.gomoney,ANZAustralia,118,AU,2019-07-29
io.voodoo.paper2,Paper.io2,119,AU,2019-07-29
com.huuuge.casino.slots,Huuugeカジノ™オンラインスロット、世界で1000万人が遊ぶラスベガスSlotsとカジノゲーム,120,AU,2019-07-29
com.twitter.android,Twitter,121,AU,2019-07-29
com.game5mobile.lineandwater,HappyGlass,122,AU,2019-07-29
com.getsomeheadspace.android,Headspace:Meditation&Sleep,123,AU,2019-07-29
com.woolworths,Woolworths,124,AU,2019-07-29
com.coles.android.flybuys.release,flybuys,125,AU,2019-07-29
com.playrix.gardenscapes,ガーデンスケイプ(Gardenscapes),126,AU,2019-07-29
au.com.dominos.offers,Domino'sOffers,127,AU,2019-07-29
com.telstra.android.afl,AFLLiveOfficialApp,128,AU,2019-07-29
com.iart.camera.photo,iArtカメラ:アート効果、多重露光、FaceAgingApp,129,AU,2019-07-29
com.agminstruments.drumpadmachine,DrumPadMachine-ビートメーカー,130,AU,2019-07-29
com.alien.shooter.galaxy.attack,ギャラクシーアタック：エイリアンシューター,131,AU,2019-07-29
com.linkedin.android,LinkedIn,132,AU,2019-07-29
com.nintendo.zama,ドクターマリオワールド,133,AU,2019-07-29
au.com.opal.travel,OpalTravel,134,AU,2019-07-29
au.com.kayosports,KayoSports,135,AU,2019-07-29
faceapp.facemystery.learnmoreaboutyourself,HiddenMe-老け顔アプリ、赤ちゃん顔,136,AU,2019-07-29
com.deliveroo.orderapp,Deliveroo:FoodDelivery,137,AU,2019-07-29
com.security.antivirus.scan,SecurityDefender-アンチウイルススキャン、がらくたクリーン,138,AU,2019-07-29
com.neonplay.casualrollersplat2,RollerSplat!,139,AU,2019-07-29
com.adobe.lrmobile,AdobeLightroom-写真加工・編集アプリのライトルーム,140,AU,2019-07-29
io.voodoo.holeio,Hole.io,141,AU,2019-07-29
com.jora.android,"JoraJobSearch-jobs,employmentforjobseekers",142,AU,2019-07-29
com.codigames.market.idle.tycoon,IdleSupermarketTycoon-TinyShopGame,143,AU,2019-07-29
com.yy.musicfm.global,FreeMusic-UnlimitedofflineMusicdownloadfree,144,AU,2019-07-29
com.playrix.township,タウンシップ(Township),145,AU,2019-07-29
com.king.candycrushsaga,キャンディークラッシュ,146,AU,2019-07-29
com.productmadness.hovmobile,HeartofVegas:オンラインカジノスロットアプリ,147,AU,2019-07-29
com.facebook.lite,FacebookLite,148,AU,2019-07-29
it.beem.app,BeemIt-PayRequestSplitMoney,149,AU,2019-07-29
com.fast_cache_junk_cleaner.booster_master,CleanPhone,150,AU,2019-07-29
com.nordvpn.android,NordVPN,151,AU,2019-07-29
au.gov.bom.metview,BOMWeather,152,AU,2019-07-29
au.gov.vic.ptv,PublicTransportVictoriaapp,153,AU,2019-07-29
com.vova.android,Vova,154,AU,2019-07-29
au.com.qantas.qantas,QantasAirways,155,AU,2019-07-29
com.cbs.au,10AllAccess,156,AU,2019-07-29
sg.bigo.live,BIGOLIVE（ビゴライブ)‐SNS系ライブ配信,157,AU,2019-07-29
com.google.android.apps.docs.editors.docs,Googleドキュメント,158,AU,2019-07-29
messenger.chat.social.messenger,messengerメッセージ、テキスト、ビデオチャット,159,AU,2019-07-29
com.azure.authenticator,MicrosoftAuthenticator,160,AU,2019-07-29
com.giphy.messenger,GIPHY-AnimatedGIFsSearchEngine,161,AU,2019-07-29
com.bumble.app,Bumble—デート。友達と会う。ネットワーク。,162,AU,2019-07-29
com.playgendary.kickthebuddy,KicktheBuddy,163,AU,2019-07-29
com.luckyday.app,LuckyDay-WinRealMoney,164,AU,2019-07-29
com.baklabs.taxi.two,タクシー2,165,AU,2019-07-29
slots.hot.vegas.casino.games.free,SlotsCasino-JackpotMania,166,AU,2019-07-29
com.microsoft.appmanager,スマホ同期管理アプリ,167,AU,2019-07-29
au.net.abc.kidsiview,ABCKIDSiview,168,AU,2019-07-29
com.playrix.fishdomdd.gplay,フィッシュダム(Fishdom),169,AU,2019-07-29
com.candywriter.bitlife,BitLife-LifeSimulator,170,AU,2019-07-29
com.playgendary.ktb2,KicktheBuddy:Forever,171,AU,2019-07-29
com.sproutatwork.livebetter,MedibankLiveBetter,172,AU,2019-07-29
au.com.hotdoc.android.hotdoc,HotDoc,173,AU,2019-07-29
com.gpp.sushibar,SushiBar,174,AU,2019-07-29
com.google.android.calendar,Googleカレンダー,175,AU,2019-07-29
com.dailyhoroscope.facesecret,FaceSecretMaster:フェイスエイジングアプリ、ジェンダースワップ,176,AU,2019-07-29
au.com.foxtel.Go,FoxtelGo,177,AU,2019-07-29
com.callerscreen.color.phone.ringtone.flash,"ColorFlashLauncher-CallScreen,Themes",178,AU,2019-07-29
com.google.android.apps.podcasts,Googleポッドキャスト:人気ポッドキャストを無料で,179,AU,2019-07-29
com.ubercab.driver,UberDriver-ドライバー用,180,AU,2019-07-29
com.kiarygames.tinyroom,TinyRoomStories:TownMystery,181,AU,2019-07-29
com.moonactive.coinmaster,CoinMaster,182,AU,2019-07-29
com.tencent.ig,PUBGMOBILE,183,AU,2019-07-29
com.codigames.idle.theme.park.tycoon,《IdleThemePark》-素敵なテーマパークを建てよう,184,AU,2019-07-29
com.peoplefun.wordstacks,WordStacks,185,AU,2019-07-29
com.playgendary.tanks,TankStars,186,AU,2019-07-29
com.nintendo.zara,SuperMarioRun,187,AU,2019-07-29
com.google.android.apps.docs.editors.sheets,Googleスプレッドシート,188,AU,2019-07-29
com.housepaint.game,HousePaint,189,AU,2019-07-29
app.qrcode,【高速+無料】QRコード読み取りアプリ：QRコードリーダー読み取り無料人気,190,AU,2019-07-29
de.lufthansa.ife.va,VirginAustraliaEntertainment,191,AU,2019-07-29
com.myhomescreen.sms,MessengerHome-SMSWidgetandHomeScreen,192,AU,2019-07-29
com.kwalee.drawit,Drawit,193,AU,2019-07-29
com.bitmango.go.blocktrianglepuzzletangram,ブロック！三角形パズル：タングラム,194,AU,2019-07-29
com.outfit7.mytalkingtom2,マイ・トーキング・トム2,195,AU,2019-07-29
com.fungames.sniper3d,スナイパー3Dアサシン：無料射撃ゲーム,196,AU,2019-07-29
com.love.poly.puzzle.game,LovePoly-新感覚3dパズル,197,AU,2019-07-29
com.skype.raider,﻿Skype-無料のチャットとビデオ通話,198,AU,2019-07-29
com.joom,"Joom:Shoplowpricedeals,clothesoffers&gifts",199,AU,2019-07-29
com.google.android.apps.tachyon,GoogleDuo-高品質のビデオ通話,200,AU,2019-07-29
slots.pcg.casino.games.free.android,CashFrenzyCasino–TopCasinoGames,201,AU,2019-07-29
facesecret.scanner.camera,フェイス　シークレット　スキャナー‐老化カメラ、スタイリッシュコミック,202,AU,2019-07-29
com.fitbit.FitbitMobile,Fitbit,203,AU,2019-07-29
com.pof.android,魚のプレンティ,204,AU,2019-07-29
com.productmadness.cashmancasino,CashmanCasinoSlot:無料カジノスロットゲーム,205,AU,2019-07-29
com.ubisoft.hungrysharkworld,HungrySharkWorld,206,AU,2019-07-29
com.samsung.android.voc,GalaxyMembers,207,AU,2019-07-29
com.wallpaper.live.launcher,BlingLauncher-LiveWallpapers&Themes,208,AU,2019-07-29
com.h8games.helixjump,HelixJump,209,AU,2019-07-29
au.com.freeview.fv,FreeviewFV,210,AU,2019-07-29
com.transurban.linkt,Linkt,211,AU,2019-07-29
com.didiglobal.driver.au,DiDiDriver,212,AU,2019-07-29
au.com.auspost.android,AustraliaPost,213,AU,2019-07-29
com.lightricks.pixaloop,EnlightPixaloop（ピクサループ）,214,AU,2019-07-29
au.com.commsec.android.CommSecPocket,CommSecPocket,215,AU,2019-07-29
com.bitstrips.imoji,Bitmoji–あなた専用のオリジナル絵文字,216,AU,2019-07-29
com.andrew.stunts,CarCrash!,217,AU,2019-07-29
de.stocard.stocard,Stocard-ポイントカード,218,AU,2019-07-29
com.chitralekha.evolution,放置ワールド！,219,AU,2019-07-29
com.bitmango.go.blockhexapuzzle,ブロック！ヘキサパズル,220,AU,2019-07-29
com.brokenreality.planemerger.android,MergePlane-Click&IdleTycoon,221,AU,2019-07-29
com.gramgames.mergedragons,マージドラゴン(MergeDragons!),222,AU,2019-07-29
com.samsung.android.app.notes,GalaxyNotes,223,AU,2019-07-29
com.twist.hit,TwistHit!,224,AU,2019-07-29
au.gov.dhs.expressplus.medicare,ExpressPlusMedicare,225,AU,2019-07-29
com.differencetenderwhite.skirt,ブロックパズルジュエル,226,AU,2019-07-29
com.nexters.herowars,HeroWars,227,AU,2019-07-29
com.huge.slots.casino.vegas.android.avidly,ダブルウィンカジノスロットゲーム,228,AU,2019-07-29
com.virusscan.privacy.fast.cleaner.booster,XSecurity-ウイルス対策、スマホのクリーンアップ、ブースター,229,AU,2019-07-29
com.brainbow.peak.app,PEAK（ピーク）-脳トレ,230,AU,2019-07-29
com.fingersoft.hcr2,HillClimbRacing2,231,AU,2019-07-29
qr.code.barcode.maker.scanner.reader,QRCodeReader-バーコードスキャナ＆QRコードスキャナ,232,AU,2019-07-29
com.geishatokyo.trafficrun,TrafficRun!,233,AU,2019-07-29
au.com.vodafone.mobile.gss,MyVodafone,234,AU,2019-07-29
com.myfitnesspal.android,MyFitnessPal,235,AU,2019-07-29
com.apple.android.music,AppleMusic,236,AU,2019-07-29
com.grofsoft.tripview.lite,TripViewLite,237,AU,2019-07-29
barcode.scanner.qrcode.reader.flashlight,QRコードリーダー：QR＆バーコードをスキャンする,238,AU,2019-07-29
com.supercell.clashofclans,クラッシュ・オブ・クラン(ClashofClans),239,AU,2019-07-29
com.microsoft.office.word,MicrosoftWord:文書の執筆、編集、共有を外出先でも,240,AU,2019-07-29
com.sbs.ondemand.tv,SBSOnDemand,241,AU,2019-07-29
com.clean.road,CleanRoad,242,AU,2019-07-29
invaders.os.galaxy.space.shooter.attack.classic,ファルコンスクワッド:レトロシューティングゲーム,243,AU,2019-07-29
com.amazon.kindle,Kindle電子書籍リーダー:人気小説や無料漫画、雑誌も多数,244,AU,2019-07-29
slots.machine.winning.android,WinningSlots™-FreeVegasCasinoSlotsGames,245,AU,2019-07-29
com.viber.voip,Viber無料通話＆メッセージアプリ,246,AU,2019-07-29
com.matchington.mansion,マッチングトン·マンション,247,AU,2019-07-29
com.magisto,Magistoスマートな動画編集・ムービーとスライドショー作成アプリ,248,AU,2019-07-29
com.crowdstar.covetHome,DesignHome,249,AU,2019-07-29
com.neonplay.casualidletapstrongman,IdleTapStrongman,250,AU,2019-07-29
net.zedge.android,ZEDGE™着信音&壁紙,251,AU,2019-07-29
us.zoom.videomeetings,ZOOMCloudMeetings,252,AU,2019-07-29
tv.twitch.android.app,Twitch,253,AU,2019-07-29
com.ultra7game.slotultimate,UltimateSlots:2019VegasCasinoSlotMachines,254,AU,2019-07-29
com.smilerlee.klondike,Solitaire,255,AU,2019-07-29
com.diamondlife.slots.vegas.free,LotsaSlots-VegasCasinoSLOTSFreewithbonus,256,AU,2019-07-29
org.mozilla.firefox,Firefoxブラウザー高速&プライベート,257,AU,2019-07-29
com.tencent.mm,WeChat,258,AU,2019-07-29
com.microsoft.teams,MicrosoftTeams,259,AU,2019-07-29
com.popcore.foldingblocks,FoldingBlocks,260,AU,2019-07-29
org.zwanoo.android.speedtest,Speedtest.net,261,AU,2019-07-29
com.tw.tycoon.casino,TycoonCasino:無料ラスベガスパチスロ,262,AU,2019-07-29
org.videolan.vlc,VLCforAndroid,263,AU,2019-07-29
game.puzzle.woodypuzzle,ウッディーパズル(Woody™BlockPuzzle),264,AU,2019-07-29
com.google.android.apps.adm,端末を探す,265,AU,2019-07-29
easy.sudoku.puzzle.solver.free,ナンプレ-o(≧ω≦)o大人気無料数独アプリ！,266,AU,2019-07-29
com.samsung.android.oneconnect,SmartThings,267,AU,2019-07-29
com.surpax.ledflashlight.panel,懐中電灯-ledライト,268,AU,2019-07-29
au.com.catchoftheday.android,Catch:OnlineShopping,269,AU,2019-07-29
com.google.android.apps.googleassistant,Googleアシスタント-やりたいこと、ハンズフリーで,270,AU,2019-07-29
com.dropbox.android,Dropbox,271,AU,2019-07-29
com.riffsy.FBMGIFApp,GIFKeyboardbyTenor,272,AU,2019-07-29
com.supercell.clashroyale,クラッシュ・ロワイヤル(ClashRoyale),273,AU,2019-07-29
com.cool.volume.sound.booster,ボリュームブースター、スピーカーブースト,274,AU,2019-07-29
de.mobileconcepts.cyberghost,CyberGhostVPN,275,AU,2019-07-29
com.more.dayzsurvival.gp,ラストシェルター：この国を守り抜く本格SLG、大人のゲーム,276,AU,2019-07-29
com.orbitalknight.castlewreck,CastleWreck,277,AU,2019-07-29
com.healthengine.android,HealthEngine,278,AU,2019-07-29
com.geishatokyo.snowballio,Snowball.io,279,AU,2019-07-29
se.ace.fishinc,HookedInc:FisherTycoon,280,AU,2019-07-29
com.scentregroup.mine,WhatsMine-loyalty&rewardsallinoneplace,281,AU,2019-07-29
com.sec.android.app.voicenote,Galaxyボイスレコーダー,282,AU,2019-07-29
com.microsoft.xboxone.smartglass,Xbox,283,AU,2019-07-29
photo.editor.photoeditor.photoeditorpro,画像加工-写真編集、コラージュメーカー,284,AU,2019-07-29
com.mindy.grap1,StickmanHook,285,AU,2019-07-29
com.life360.android.safetymapd,Life360－子供の見守り、家族と位置情報共有アプリ,286,AU,2019-07-29
com.dicedom.mergepuzzle,Dicedom-マージパズル,287,AU,2019-07-29
com.indeed.android.jobsearch,Indeed求人検索-正社員の転職・学生バイト・パート・派遣・新卒就活　全部まとめて仕事探し,288,AU,2019-07-29
com.synctuition.synctuition,SynctuitionMeditationProgram,289,AU,2019-07-29
com.health.lab.drink.water.tracker,水を飲むリマインダー,290,AU,2019-07-29
fm.castbox.audiobook.radio.podcast,Castbox–無料の、素晴らしいPodcastのためのアプリ,291,AU,2019-07-29
com.eventbrite.attendee,Eventbrite-Discoverpopularevents&nearbyfun,292,AU,2019-07-29
com.hd.wallpaper.backgrounds,OPixels-写真編集者,293,AU,2019-07-29
com.google.android.contacts,連絡帳,294,AU,2019-07-29
com.sec.android.app.shealth,SHealth,295,AU,2019-07-29
future.me.old.baby.astrology,FutureTime-エイジングスキャナー、手の達人,296,AU,2019-07-29
ocean.nomad.survival.simulator,ラフティングのサバイバル:SurvivalonRaft-OceanNomad,297,AU,2019-07-29
com.nekki.vector,Vector,298,AU,2019-07-29
com.plarium.raidlegends,レイドShadowLegends,299,AU,2019-07-29
com.XTechStudios.snakeIO,Snaker.io!,300,AU,2019-07-29
com.mobirix.swipebrick2,ブリックスブレーカークエスト,301,AU,2019-07-29
com.hdmoviefree2019.watchmenow,HDMovieFree2019-WatchHot&PopularMovies,302,AU,2019-07-29
com.jade.ace.translator,AceTranslator,303,AU,2019-07-29
com.horoscope.palmmaster,Horoscope&PalmMaster-年をとる顔、手のスキャン,304,AU,2019-07-29
org.telegram.messenger,Telegram,305,AU,2019-07-29
com.samsung.android.app.watchmanager,GalaxyWearable(GearManager),306,AU,2019-07-29
com.google.ar.core,ARCorebyGoogle,307,AU,2019-07-29
ma.safe.bnau,AustraliaBreakingNews&LocalNewsForFree,308,AU,2019-07-29
com.alibaba.aliexpresshd,AliExpress-スマートにお買い物して、より良い暮らしを,309,AU,2019-07-29
au.com.ninenow.ctv,9Now,310,AU,2019-07-29
com.pure.camera.detector.road,PureCamera,311,AU,2019-07-29
com.netease.ddsfna,StickFight:TheGameMobile,312,AU,2019-07-29
com.instagram.layout,LayoutfromInstagram,313,AU,2019-07-29
io.ngames.cowboy,Cowboy!,314,AU,2019-07-29
com.altaine.subwayau,SUBWAY®Australia,315,AU,2019-07-29
com.intsig.camscanner,CamScannerスキャンPDF作成,316,AU,2019-07-29
com.google.ar.lens,Googleレンズ,317,AU,2019-07-29
com.cabs,13cabs,318,AU,2019-07-29
kik.android,Kik,319,AU,2019-07-29
com.lilithgame.roc.gp,RiseofKingdoms:LostCrusade,320,AU,2019-07-29
com.expressvpn.vpn,ExpressVPN-無制限の安全なVPNプロキシ,321,AU,2019-07-29
com.matteljv.uno,UNO!™,322,AU,2019-07-29
com.kingsgroup.sos,StateofSurvival,323,AU,2019-07-29
au.com.qantas.qstreaming,QantasEntertainment,324,AU,2019-07-29
com.fungames.blockcraft,ブロック・クラフト　無料街づくりシミュレーションゲーム,325,AU,2019-07-29
com.silevel.mountainclimbstunt,HillClimb:Stunt,326,AU,2019-07-29
com.spacegame.homedesign,マイホーム　デザインドリーム,327,AU,2019-07-29
com.hyperspeed.rocket.applock.free,AppLock-アプリロック，PINコード&パターンロック,328,AU,2019-07-29
com.yahoo.mobile.client.android.mail,YahooMail–OrganizedEmail,329,AU,2019-07-29
com.mobilityware.spider,SpiderSolitaire,330,AU,2019-07-29
com.habby.archero,アーチャー伝説,331,AU,2019-07-29
air.com.playtika.slotomania,Slotomania™-FreeSlots英語版,332,AU,2019-07-29
au.com.foxtel.Now,FoxtelNow,333,AU,2019-07-29
com.redemptiongames.sugar,SweetEscapes:DesignaBakerywithPuzzleGames,334,AU,2019-07-29
com.easi.customer,EASI-华人美食外卖送餐首选平台,335,AU,2019-07-29
com.science.yarnapp,Yarn-ChatFiction,336,AU,2019-07-29
jp.oridio.museum,ボクと博物館,337,AU,2019-07-29
com.tattsgroup.theLottLite,theLottLite-LottoResults,338,AU,2019-07-29
tw.mobileapp.qrcode.banner,QRコードリーダー,339,AU,2019-07-29
com.google.android.apps.photos,Googleフォト,340,AU,2019-07-29
au.com.airtasker,"Airtasker-Gethandyman,cleaner&homejobsdone",341,AU,2019-07-29
com.Seriously.BestFiends,BestFiends-無料のパズルゲーム,342,AU,2019-07-29
au.com.ingdirect.android,INGAustraliaBanking,343,AU,2019-07-29
com.gameinlife.airplane.games,MillionStar-全て射撃,344,AU,2019-07-29
com.nordcurrent.canteenhd,クッキングフィーバー【爽快グルメアクション！】,345,AU,2019-07-29
com.iposedon.bricksbreakerballs,BricksBallCrusher,346,AU,2019-07-29
com.CDT.MadMathTeacher,MadMathTeacher-SolveMath&SchoolAdventure,347,AU,2019-07-29
com.Plus500,Plus500:CFDOnlineTradingonForexandStocks,348,AU,2019-07-29
com.coles.android.shopmate,ColesApp,349,AU,2019-07-29
com.combyne.app,combyne-Outfitideas👗👖&outfitcreation,350,AU,2019-07-29
com.gumtreejobs.au,GumtreeJobs-JobSearch,351,AU,2019-07-29
com.microsoft.launcher,MicrosoftLauncher,352,AU,2019-07-29
com.rocket.tools.clean.antivirus.master,"ベストアンチウイルス2019-ウイルススキャンと駆除,クリーナー",353,AU,2019-07-29
net.skyscanner.android.main,Skyscanner(スカイスキャナー)格安航空券検索,354,AU,2019-07-29
com.easybrain.sudoku.android,ナンプレ,355,AU,2019-07-29
com.flightradar24free,Flightradar24フライトトラッカー,356,AU,2019-07-29
com.TVremoteControlforallSS,TVRemote-UniversalRemoteControl,357,AU,2019-07-29
com.google.android.apps.vega,Googleマイビジネス,358,AU,2019-07-29
com.netease.mrzhna,ライフアフター,359,AU,2019-07-29
com.google.android.apps.navlite,GoogleMapsGo向けナビ,360,AU,2019-07-29
com.ea.game.pvzfree_row,Plantsvs.ZombiesFREE,361,AU,2019-07-29
com.antivirus,AVG-スマホセキュリティ無料のウイルス対策アプリ,362,AU,2019-07-29
dinnerdeal.android.customer,EatClub-LiveRestaurantDeals&ExclusiveOffers,363,AU,2019-07-29
triwin.casino.slots.fortune.gold,GoldFortuneCasino™-無料マカオスロットカジノ,364,AU,2019-07-29
com.episodeinteractive.android.catalog,Episode-ChooseYourStory,365,AU,2019-07-29
com.parking.game,DriveandPark,366,AU,2019-07-29
com.canva.editor,Canva-ポスター、チラシ、フライヤー、名刺やお礼状を簡単に作成できるグラフィックデザインアプリ,367,AU,2019-07-29
com.hy.sfacer,FantasticFaceーエイジング予測、美人ＰＫ、FantasticFace,368,AU,2019-07-29
com.leftover.CoinDozer,コインドーザー-無料で賞品をゲット,369,AU,2019-07-29
com.animelab.android.handset,AnimeLab-WatchAnimeFree,370,AU,2019-07-29
com.agoda.mobile.consumer,Agoda-国内・海外ホテル宿泊予約はアゴダ®でハッピー,371,AU,2019-07-29
com.colorhole.game,ColorHole3D,372,AU,2019-07-29
com.tabtale.babytwins,ふたごの赤ちゃん-いたずらふたご,373,AU,2019-07-29
com.crazylabs.amaze.game,AMAZE!,374,AU,2019-07-29
com.belong,Belong,375,AU,2019-07-29
it.doveconviene.android,Shopfully-WeeklyAds&Deals,376,AU,2019-07-29
com.google.android.apps.fitness,GoogleFit:運動を記録して健康的な生活を,377,AU,2019-07-29
au.net.abc.abcme,ABCME,378,AU,2019-07-29
com.diandian.gog,GunsofGlory(ガンズ・オブ・グローリー):勇壮な王国軍を構築せよ,379,AU,2019-07-29
com.google.android.accessibility.soundamplifier,音声増幅,380,AU,2019-07-29
com.microsoft.office.excel,MicrosoftExcel:スプレッドシート閲覧、編集、作成,381,AU,2019-07-29
com.digitalid.android,DigitaliD™byAustraliaPost,382,AU,2019-07-29
com.pixel.art.coloring.color.number,HappyColor–数字で塗り絵。数字で色ぬりえ,383,AU,2019-07-29
com.quvideo.xiaoying,VivaVideo-動画編集＆動画作成＆動画加工,384,AU,2019-07-29
com.playrix.zoo_m3.gplay,ワイルドスケイプ,385,AU,2019-07-29
com.aim.racing,ExtremeCarDrivingSimulator,386,AU,2019-07-29
com.bongolight.pixelcoloring,"PixelColor-ColorbyNumber,PixelArt",387,AU,2019-07-29
com.virginaustralia.vaapp,VirginAustralia,388,AU,2019-07-29
no.mobitroll.kahoot.android,Kahoot!,389,AU,2019-07-29
com.cocoplay.sweet.bakery,マイ・ベーカリーの王国-ケーキを焼いて飾って売ろう,390,AU,2019-07-29
com.mobirix.throwball,Hit&Knockdown,391,AU,2019-07-29
com.word.game.fun.puzzle.prison.escape.captain,WordsStory-AddictiveWordGame,392,AU,2019-07-29
com.camerasideas.instashot,InShot-動画編集＆動画作成＆動画加工,393,AU,2019-07-29
au.com.fuel7eleven,7-ElevenFuel,394,AU,2019-07-29
com.apple.movetoios,MovetoiOS,395,AU,2019-07-29
com.bitmango.go.wordcookies,WordCookies!®,396,AU,2019-07-29
com.zynga.words3,WordsWithFriends2–FreeWordGames&Puzzles,397,AU,2019-07-29
com.ink.jetstar.mobile.app,ジェットスター,398,AU,2019-07-29
com.hily.app,"HilyDating:Chat,Match&MeetSingles",399,AU,2019-07-29
co.hinge.app,Hinge-Dating&Relationships,400,AU,2019-07-29
com.robtopx.geometryjumplite,ジオメトリーダッシュ(GeometryDashLite),401,AU,2019-07-29
com.buildingcraftinggames.crafting.and.building.princess.girls.craft.exploration.adventure.minecraft.roblox.my.little.pony.sims,ガールズクラフトとビルディン,402,AU,2019-07-29
screenrecorder.recorder.editor,VRecorder画面録画-サウンド、動画エディタ,403,AU,2019-07-29
com.bigcake.android.solitairedaily,ソリティアデイリー,404,AU,2019-07-29
com.soomapps.screenmirroring,ミラーリング-スマホテレビ接続-スクリーンミラーリング(Castto),405,AU,2019-07-29
com.pixelberrystudios.choices,Choices:StoriesYouPlay,406,AU,2019-07-29
com.westernunion.moneytransferr3app.au,WesternUnionAU-SendMoneyTransfersQuickly,407,AU,2019-07-29
com.ty.driftycar,DriftyRace,408,AU,2019-07-29
android.AbcApplication,ABCNEWS,409,AU,2019-07-29
com.miniclip.bowmasters,Bowmasters,410,AU,2019-07-29
com.playtika.wsop.gp,WSOP無料ポーカー(WorldSeriesofPoker),411,AU,2019-07-29
us.ozteam.bigfoot,Bigfoot,412,AU,2019-07-29
com.codylab.halfprice,"🔥HalfPrice:Coles,Woolworths",413,AU,2019-07-29
au.gov.nsw.service,ServiceNSW,414,AU,2019-07-29
com.hi.translate,"AITranslate-Photo,Voice,TextTranslator",415,AU,2019-07-29
com.halfbrick.fruitninjafree,FruitNinja®,416,AU,2019-07-29
com.vsco.cam,VSCO,417,AU,2019-07-29
com.camerasideas.trimmer,YouCut-VideoEditor&VideoMaker,418,AU,2019-07-29
com.outerminds.tubular,PewDiePie'sTuberSimulator,419,AU,2019-07-29
com.clearchannel.iheartradio.controller,"iHeartRadio-FreeMusic,Radio&Podcasts",420,AU,2019-07-29
com.clearchannel.iheartradio.controller,"iHeartRadio-FreeMusic,Radio&Podcasts",421,AU,2019-07-29
com.imangi.templerun2,TempleRun2,422,AU,2019-07-29
com.adobe.psmobile,AdobePhotoshopExpress:フォトエディターコラージュ作成,423,AU,2019-07-29
org.iggymedia.periodtracker,Flo:生理トラッカー無料アプリで、月経や排卵サイクルを予測。妊活・避妊・セルフケアをサポート,424,AU,2019-07-29
com.tocaboca.tocakitchen2,トッカ・キッチン2(TocaKitchen2),425,AU,2019-07-29
com.sportsbet.info,Sportsbet,426,AU,2019-07-29
com.beingame.zc.zombie.shelter.survival,Zerocity:ゾンビシェルターサバイバルシミュレータ,427,AU,2019-07-29
com.limebike,Lime-YourRideAnytime,428,AU,2019-07-29
com.outfit7.mytalkingangelafree,マイ・トーキング・アンジェラ,429,AU,2019-07-29
com.all.clean.cleanmaster.junkclean,AllCleaner,430,AU,2019-07-29
com.clement.ballmayhem,BallMayhem!,431,AU,2019-07-29
air.com.hypah.io.slither,slither.io,432,AU,2019-07-29
com.sec.android.app.sbrowser,SamsungInternetBrowser,433,AU,2019-07-29
com.citizen.jackpot.slots,CitizenCasino-FreeSlotsMachines&VegasGames,434,AU,2019-07-29
com.gamma.scan,QR・バーコードスキャナー,435,AU,2019-07-29
org.thoughtcrime.securesms,Signal-プライベートメッセンジャー,436,AU,2019-07-29
au.com.fuelmap,FuelMapAustralia,437,AU,2019-07-29
com.topultragame.slotlasvega,CashLinkSlots-VegasCasinoSlotsJackpotGames,438,AU,2019-07-29
com.appblockgames.freecraftexploration,MOD-MASTERforMinecraftPE(PocketEdition)Free,439,AU,2019-07-29
com.appxstudio.smokearteffect,SmokeNameArt-SmokyEffectFocusnFilterMaker,440,AU,2019-07-29
com.daily.fitness.workout,DailyFitness,441,AU,2019-07-29
com.crazylabs.lady.bug,MiraculousLadybug&CatNoir-公式ゲーム,442,AU,2019-07-29
com.alex.ropearound,RopeAround!,443,AU,2019-07-29
au.com.boost.products.boostgo,BoostMobile,444,AU,2019-07-29
com.australiansuper.android.australiansuper,AustralianSuper,445,AU,2019-07-29
com.pdf.viewer.pdftool.reader.document,Android用のPDFReader,446,AU,2019-07-29
com.app.booster.quick.cleaner,QuickCleaner,447,AU,2019-07-29
com.bingo.scape.android.free,BingoScapes-LuckyBingoGamesFreetoPlay,448,AU,2019-07-29
com.king.candycrushsodasaga,キャンディークラッシュソーダ,449,AU,2019-07-29
com.zuuks.bus.simulator.ultimate,BusSimulator:Ultimate,450,AU,2019-07-29
com.ovelin.guitartuna,無料　チューナー　GuitarTuna,451,AU,2019-07-29
com.pixel.gun3d,ピクセルガン3D。(PixelGun3D),452,AU,2019-07-29
com.tellmewow.senior.hangman,Hangman,453,AU,2019-07-29
com.musicgo.downloadmusic.mp3musicdownload.musicmp3,DownloadMp3Music-UnlimitedFreeMusicDownload,454,AU,2019-07-29
com.fgol.HungrySharkEvolution,HungrySharkEvolution,455,AU,2019-07-29
com.oppanagames.car.simulator,CarSimulator2,456,AU,2019-07-29
com.hp.printercontrol,HPSmart(HPAiORemote),457,AU,2019-07-29
com.h8games.blocksbuster,Blocksbuster!,458,AU,2019-07-29
com.rovio.baba,アングリーバード2(AngryBirds2),459,AU,2019-07-29
com.jellybtn.boardkings,BoardKings™️,460,AU,2019-07-29
co.thefabulous.app,Fabulous:リラックス、瞑想、睡眠でモチベーションをキープ！,461,AU,2019-07-29
com.fingersoft.hillclimb,ヒルクライムレース:HillClimbRacing,462,AU,2019-07-29
net.apex_designs.payback2,Payback2-TheBattleSandbox,463,AU,2019-07-29
com.percent.mybest3,Unniedoll,464,AU,2019-07-29
au.com.translink.mytranslink,MyTransLink,465,AU,2019-07-29
com.biglime.cookingmadness,クッキングマッドネス-料理ゲーム,466,AU,2019-07-29
co.weihang.zenocleaner,ZenoCleaner,467,AU,2019-07-29
au.com.flightcentre,FlightCentre:CheapFlights,468,AU,2019-07-29
com.minogames.cats.client,猫ゲーム(CatGame)-TheCatsCollector！,469,AU,2019-07-29
photocollage.photoeditor.collagemaker,写真コラージュ:画像加工&写真編集者,470,AU,2019-07-29
com.bitmango.go.bubblepop,BubblePop!パズルゲーム伝説,471,AU,2019-07-29
air.com.aceviral.motox3m,MotoX3MBikeRaceGame,472,AU,2019-07-29
au.com.optus.express.fixi,Optus@Home,473,AU,2019-07-29
com.google.android.apps.primer,GooglePrimer,474,AU,2019-07-29
com.badoo.mobile,Badoo-無料チャット&デートアプリ,475,AU,2019-07-29
com.ocean.openpay,Openpay,476,AU,2019-07-29
au.com.suncorp.marketplace,SuncorpApp,477,AU,2019-07-29
com.asos.app,ASOS,478,AU,2019-07-29
com.mywickr.wickr2,WickrMe–PrivateMessenger,479,AU,2019-07-29
com.mobilityware.solitaire,ソリティア,480,AU,2019-07-29
com.tutapp.idlezombies,IdleZombies,481,AU,2019-07-29
com.velocity.frequentflyer,VelocityFrequentFlyer,482,AU,2019-07-29
careers.found.foundcareers,FoundCareersforJobSeekers,483,AU,2019-07-29
bubbleshooter.orig,バブルシューター:BubbleShooter,484,AU,2019-07-29
com.deputy.android,Deputy:ShiftScheduler&StaffPlanner,485,AU,2019-07-29
com.lilithgame.hgame.gp,AFKArena,486,AU,2019-07-29
com.lasoo.android.target,TargetAustralia,487,AU,2019-07-29
com.pineconesoft.petrolspy,PetrolSpyAustralia,488,AU,2019-07-29
com.scee.psxandroid,PlayStationApp,489,AU,2019-07-29
net.bestmovitosee.newappcome,Freemovies2019-WatchHDmovies,490,AU,2019-07-29
com.hicloud.android.clone,PhoneClone,491,AU,2019-07-29
com.google.android.apps.books,GooglePlayブックス,492,AU,2019-07-29
com.jimbop.letmeout,LetMeOut,493,AU,2019-07-29
in.playsimple.tripcross,CrosswordJam,494,AU,2019-07-29
nz.co.campermate,CamperMate,495,AU,2019-07-29
com.fanatee.cody,CodyCross:CrosswordPuzzles,496,AU,2019-07-29
com.jndwork.weather.forecast.channel.dailyforecast.liveradarmaps,ライブ天気予報-天気予報2019,497,AU,2019-07-29
com.kongregate.mobile.idlefrontier.google,IdleFrontier:TapTownTycoon,498,AU,2019-07-29
com.niksoftware.snapseed,Snapseed,499,AU,2019-07-29
com.hellofresh.androidapp,HelloFresh-GetCooking,500,AU,2019-07-29
com.create.pottery.paint.by.color,Pottery.ly3D–RelaxingCeramicArt,501,AU,2019-07-29
com.bitmango.go.linepuzzlepipeart,LinePuzzle:PipeArt,502,AU,2019-07-29
com.shopback.app,ShopBack-TheSmarterWay|Shopping&Cashback,503,AU,2019-07-29
com.levelzed.waterjump,パープルダイバー,504,AU,2019-07-29
com.MobimiGames.CarSimulator2018,CarSimulator2018,505,AU,2019-07-29
com.ksrgland.goat,King'sThrone:GameofLust,506,AU,2019-07-29
com.officeviewer.pdfreader.document.viewer.excelviewer,"DocumentViewer–WordOffice,PDFreader&xlsx",507,AU,2019-07-29
com.google.android.apps.docs,Googleドライブ,508,AU,2019-07-29
com.bitmango.go.wordtiles,WordTiles:RelaxnRefresh,509,AU,2019-07-29
com.samsung.android.email.provider,GalaxyEメール,510,AU,2019-07-29
air.com.lunime.gachalife,GachaLife,511,AU,2019-07-29
com.google.android.apps.kids.familylink,保護者向けGoogleファミリーリンク,512,AU,2019-07-29
com.duckduckgo.mobile.android,DuckDuckGoPrivacyBrowser,513,AU,2019-07-29
com.productmadness.fafafagold,FaFaFa™GoldCasino:Freeslotmachines,514,AU,2019-07-29
roll.unblock.ball.block.puzzle,ブロック解除-ブロックパズル,515,AU,2019-07-29
com.jellybtn.fun.addicting.games.color.land.build.by.number,ColorLand-BuildbyNumber,516,AU,2019-07-29
com.learnwithhomer.webapp,HOMER-ProvenLearn-to-ReadProgramforKids2-8,517,AU,2019-07-29
com.garmin.android.apps.connectmobile,GarminConnect™,518,AU,2019-07-29
com.playgendary.tom,TomboftheMask,519,AU,2019-07-29
com.sports.real.golf.rival.online,GolfRival,520,AU,2019-07-29
jp.co.canon.bsd.ad.pixmaprint,CanonPRINTInkjet/SELPHY,521,AU,2019-07-29
com.outfit7.mytalkingtomfree,マイ・トーキング・トム(MyTalkingTom),522,AU,2019-07-29
com.easybrain.jigsaw.puzzles,ジグソーパズル-パズルゲーム,523,AU,2019-07-29
com.bentostudio.ballsvsblocks,SnakeVSBlock,524,AU,2019-07-29
air.au.whitech.mobile.imagine.officeworks,PhotosatOfficeworks,525,AU,2019-07-29
de.apptiv.business.android.aldi_au,ALDIAustralia,526,AU,2019-07-29
de.tellonym.app,Tellonym:HonestQuestions&Feedback,527,AU,2019-07-29
games.onebutton.golfbattle,GolfBattle,528,AU,2019-07-29
org.free.music.downloader.mp3.download,FreeMusicDownloader&Mp3MusicDownload,529,AU,2019-07-29
com.zynga.livepoker,Zyngaポーカー,530,AU,2019-07-29
family.tracker.my,MyFamily-家族の位置情報確認アプリ,531,AU,2019-07-29
com.google.android.youtube,YouTube,532,AU,2019-07-29
com.bigbluebubble.singingmonsters.full,MySingingMonsters,533,AU,2019-07-29
com.miniclip.plagueinc,PlagueInc.-伝染病株式会社-,534,AU,2019-07-29
com.buzzfeed.tasty,Tasty,535,AU,2019-07-29
com.lemongame.klondike.solitaire,ソリティア,536,AU,2019-07-29
au.org.swimming.andmainapp,iSwim,537,AU,2019-07-29
au.com.weatherzone.android.weatherzonefreeapp,Weatherzone,538,AU,2019-07-29
com.whaleapp.hiddenhotel,HiddenHotel,539,AU,2019-07-29
com.trivago,trivago:ホテル検索・料金比較アプリ,540,AU,2019-07-29
